lastAccountName: hi_92
timestamps:
  login: 1739751128313
  lastteleport: 1739751673701
ipAddress: 0:0:0:0:0:0:0:1
lastlocation:
  world: battle_world
  x: 83.96171616742248
  y: 87.10652171066928
  z: -117.45114467669569
  yaw: 78.900024
  pitch: 54.6
