lastAccountName: firezonefrfr
timestamps:
  login: 1741455497469
  logout: 1741455576572
ipAddress: 0:0:0:0:0:0:0:1
logoutlocation:
  world: world
  x: -157.08131348991262
  y: 64.0
  z: 104.60079521108906
  yaw: -172.35002
  pitch: 18.150002
