lastAccountName: Steve
timestamps:
  login: 1741439154248
  logout: 1741439204941
ipAddress: 0:0:0:0:0:0:0:1
logoutlocation:
  world: world
  x: -218.63815455233632
  y: 73.0
  z: 157.3778263512895
  yaw: -56.55001
  pitch: 20.85
