lastAccountName: Ace1Ace4767q
timestamps:
  login: 1739750658240
  logout: 1739751019408
ipAddress: 0:0:0:0:0:0:0:1
lastlocation:
  world: battle_world
  x: -1.14942004792326
  y: 71.0
  z: 1.8636538142791195
  yaw: 0.0
  pitch: 0.0
logoutlocation:
  world: minigames
  x: -0.28555922013571344
  y: 6.0
  z: 1.1386164520457878
  yaw: 240.09058
  pitch: 27.149994
