lastAccountName: Tubers_
timestamps:
  login: 1741530238056
  logout: 1741530459888
ipAddress: 0:0:0:0:0:0:0:1
lastlocation:
  world: world
  x: -189.35725299329306
  y: 83.0
  z: 159.2480191549692
  yaw: -231.15703
  pitch: 32.812546
logoutlocation:
  world: test
  x: -107.69999998807907
  y: 65.43726620361258
  z: 96.43208390873792
  yaw: -238.14003
  pitch: 5.0302005
