world: survival
x: -10.509986065568398
y: 139.5
z: 6.151816446095755
yaw: 128.69995
pitch: 35.550022
name: afk
